53
-9220 1000000000 -9220 -1000000000
-8270 1000000000 -8270 -1000000000
-7831 1000000000 -7831 -1000000000
-6833 1000000000 -6833 -1000000000
-6376 1000000000 -6376 -1000000000
-6374 1000000000 -6374 -1000000000
-5400 1000000000 -5400 -1000000000
-4738 1000000000 -4738 -1000000000
-3999 1000000000 -3999 -1000000000
-3335 1000000000 -3335 -1000000000
-2841 1000000000 -2841 -1000000000
-1792 1000000000 -1792 -1000000000
-1003 1000000000 -1003 -1000000000
-595 1000000000 -595 -1000000000
-61 1000000000 -61 -1000000000
920 1000000000 920 -1000000000
1982 1000000000 1982 -1000000000
2807 1000000000 2807 -1000000000
3455 1000000000 3455 -1000000000
4393 1000000000 4393 -1000000000
5081 1000000000 5081 -1000000000
5552 1000000000 5552 -1000000000
6588 1000000000 6588 -1000000000
7409 1000000000 7409 -1000000000
8033 1000000000 8033 -1000000000
8624 1000000000 8624 -1000000000
9451 1000000000 9451 -1000000000
1000000000 -8654 -1000000000 -8654
1000000000 -8020 -1000000000 -8020
1000000000 -7384 -1000000000 -7384
1000000000 -6598 -1000000000 -6598
1000000000 -6338 -1000000000 -6338
1000000000 -5639 -1000000000 -5639
1000000000 -4827 -1000000000 -4827
1000000000 -3810 -1000000000 -3810
1000000000 -3298 -1000000000 -3298
1000000000 -3286 -1000000000 -3286
1000000000 -2382 -1000000000 -2382
1000000000 -2030 -1000000000 -2030
1000000000 -1042 -1000000000 -1042
1000000000 -647 -1000000000 -647
1000000000 252 -1000000000 252
1000000000 799 -1000000000 799
1000000000 1623 -1000000000 1623
1000000000 2307 -1000000000 2307
1000000000 2690 -1000000000 2690
1000000000 3441 -1000000000 3441
1000000000 3959 -1000000000 3959
1000000000 4961 -1000000000 4961
1000000000 5636 -1000000000 5636
1000000000 6285 -1000000000 6285
1000000000 7393 -1000000000 7393
1000000000 8952 -1000000000 8952
